6 0.000687   
7 0.000365   
8 0.000130   
9 0.000169   
10 0.000103   
11 0.000000   
12 0.000185   
13 0.000216   
14 0.000739   
15 0.000169   
16 0.001828   
17 0.001838   
18 0.002060   
19 0.001189   
20 0.000391   
21 0.000000   
22 0.001408   
23 0.003594   
24 0.003049   
25 0.002695   
26 0.004732   
27 0.001238   
28 0.010126   
29 0.032127   
30 0.011364   
31 0.000000   
32 0.016361   
33 0.038381   
34 0.132313   
35 0.095354   
36 0.757545   
37 0.849782   
38 1.241045   
39 1.038754
