1 0.001172096
2 0.004248056
3 0.000124384
4 0.000283404
5 0.000793180
6 0.000613073
7 0.000079135
8 0.001781609
9 0.000523957
10 0.000636572
11 0.000334367
12 0.000836746
13 0.002283480
14 0.001839294
15 0.001307005
16 0.002237855
17 0.002055945
18 0.001233207
19 0.000412753
20 0.000411091
21 0.000384235
22 0.000222569
23 0.000082205
24 0.000109882
25 0.000179796
26 0.000096687
27 0.000000000
28 0.000064243
29 0.000073783
30 0.000094547
31 0.000188655
32 0.000109354
33 0.000070168
34 0.000189580
35 0.000120179
36 0.000693495
37 0.000141341
38 0.000271749
39 0.000099998
40 0.000151985
41 0.000108999
42 0.000271487
43 0.000171090 